286aa0 2 21 29 -1
286aa4 2 20 29 -1
286aa8 2 19 29 -1
286aac 2 18 29 -1
286ab0 2 17 29 -1
286ab4 2 16 29 -1
286ab8 0 29 29 -1
286abc 0 -1 31 -1
28f5c8 2 9 30 -1
28f5cc 0 64 2 9
28f5d0 0 4 64 -1
28f5d4 0 5 65 -1
28f5d8 0 5 4 -1
28f5dc 1 4 0 0
28f5e0 1 3 2 5
28f5e4 0 3 3 -1
28f5e8 0 4 2 -1
28f5ec 0 5 3 4
28f5f0 0 3 5 -1
28f5f4 0 3 3 5
28f5f8 0 5 2 3
28f5fc 2 10 30 -1
28f600 0 -1 16 5
28f604 2 2 10 -1
28f608 2 3 2 -1
28f60c 0 2 3 -1
28f610 0 2 2 -1
28f614 0 2 2 -1
28f618 0 -1 2 0
28f674 2 10 30 -1
28f678 0 9 0 -1
28f67c 0 -1 10 9
28f680 2 2 28 -1
28f684 0 -1 23 2
28f7e0 2 2 28 -1
28f7e4 0 -1 2 0
28f82c 2 10 30 -1
28f830 2 2 10 -1
28f834 0 -1 2 0
28f838 2 3 2 -1
28f83c 0 -1 23 3
28f8f4 2 9 30 -1
28f8f8 2 10 30 -1
28f8fc 0 9 9 -1
28f900 0 -1 30 9
28f904 2 9 30 -1
28f908 0 10 10 -1
28f90c 0 -1 30 10
28f910 0 2 10 9
28f914 0 -1 2 0
28f918 2 10 30 -1
28f91c 0 -1 10 0
28fae4 2 10 30 -1
28fae8 0 -1 30 0
28faec 0 -1 10 -1
28faf0 0 21 -1 -1
28faf4 0 21 21 -1
28faf8 2 16 30 -1
28fafc 2 3 16 -1
28fb00 0 -1 3 0
28fb04 0 2 16 -1
28fb08 0 -1 2 0
28fb0c 2 4 3 -1
28fb10 2 5 3 -1
28fb14 0 31 -1 -1
26b760 0 29 29 -1
26b764 0 -1 29 31
26b768 0 -1 29 23
26b76c 0 -1 29 22
26b770 0 -1 29 21
26b774 0 -1 29 20
26b778 0 -1 29 19
26b77c 0 -1 29 18
26b780 0 -1 29 17
26b784 0 -1 29 16
26b788 0 -1 4 5
26b78c 0 -1 4 0
26b790 0 -1 5 0
26b794 0 6 4 -1
26b798 0 2 5 -1
26b79c 0 -1 6 2
26b890 1 2 0 0
26b894 0 -1 -1 -1
26b93c 2 31 29 -1
26b940 2 23 29 -1
26b944 2 22 29 -1
26b948 2 21 29 -1
26b94c 2 20 29 -1
26b950 2 19 29 -1
26b954 2 18 29 -1
26b958 2 17 29 -1
26b95c 2 16 29 -1
26b960 0 29 29 -1
26b964 0 -1 31 -1
28fb18 0 -1 2 0
28fb1c 2 2 16 -1
28fb20 2 4 2 -1
28fb24 0 3 4 -1
28fb28 0 2 0 -1
28fb2c 0 -1 3 2
28fb44 2 17 16 -1
